   4.6015036
   4.6015036
   4.6015036
   4.6015036
   4.6015036
   4.6015036
   4.6015036
   4.6015036
   4.6015036
   4.6015036
   4.6015036
   4.6015036
   4.6015036
   4.6015036
   4.6015036
   4.6015036
   4.6015036
   1.0354300
   3.0012276
   1.4953439
   4.2701913
   5.0254229
   9.4869660
   1.9506111
   3.6834946
   8.6485584
   1.6922746
   3.2051486
   9.9327252
   1.7249786
   3.0893337
   5.6032076
   1.0354300
   3.0012276
   1.4953439
   4.2701913
   5.0254229
   9.4869660
   1.9506111
   3.6834946
   8.6485584
   1.6922746
   3.2051486
   9.9327252
   1.7249786
   3.0893337
   5.6032076
   1.0354300
   3.0012276
   1.4953439
   4.2701913
   5.0254229
   9.4869660
   1.9506111
   3.6834946
   8.6485584
   1.6922746
   3.2051486
   9.9327252
   1.7249786
   3.0893337
   5.6032076
   1.0354300
   3.0012276
   1.4953439
   4.2701913
   5.0254229
   9.4869660
   1.9506111
   3.6834946
   8.6485584
   1.6922746
   3.2051486
   9.9327252
   1.7249786
   3.0893337
   5.6032076
   1.0354300
   3.0012276
   1.4953439
   4.2701913
   5.0254229
   9.4869660
   1.9506111
   3.6834946
   8.6485584
   1.6922746
   3.2051486
   9.9327252
   1.7249786
   3.0893337
   5.6032076
   1.0354300
   3.0012276
   1.4953439
   4.2701913
   5.0254229
   9.4869660
   1.9506111
   3.6834946
   8.6485584
   1.6922746
   3.2051486
   9.9327252
   1.7249786
   3.0893337
   5.6032076
   1.0354300
   3.0012276
   1.4953439
   4.2701913
   5.0254229
   9.4869660
   1.9506111
   3.6834946
   8.6485584
   1.6922746
   3.2051486
   9.9327252
   1.7249786
   3.0893337
   5.6032076
   1.0354300
   3.0012276
   1.4953439
   4.2701913
   5.0254229
   9.4869660
   1.9506111
   3.6834946
   8.6485584
   1.6922746
   3.2051486
   9.9327252
   1.7249786
   3.0893337
   5.6032076
   1.0354300
   3.0012276
   1.4953439
   4.2701913
   5.0254229
   9.4869660
   1.9506111
   3.6834946
   8.6485584
   1.6922746
   3.2051486
   9.9327252
   1.7249786
   3.0893337
   5.6032076
   1.0354300
   3.0012276
   1.4953439
   4.2701913
   5.0254229
   9.4869660
   1.9506111
   3.6834946
   8.6485584
   1.6922746
   3.2051486
   9.9327252
   1.7249786
   3.0893337
   5.6032076
   1.0354300
   3.0012276
   1.4953439
   4.2701913
   5.0254229
   9.4869660
   1.9506111
   3.6834946
   8.6485584
   1.6922746
   3.2051486
   9.9327252
   1.7249786
   3.0893337
   5.6032076
   1.0354300
   3.0012276
   1.4953439
   4.2701913
   5.0254229
   9.4869660
   1.9506111
   3.6834946
   8.6485584
   1.6922746
   3.2051486
   9.9327252
   1.7249786
   3.0893337
   5.6032076
   1.0354300
   3.0012276
   1.4953439
   4.2701913
   5.0254229
   9.4869660
   1.9506111
   3.6834946
   8.6485584
   1.6922746
   3.2051486
   9.9327252
   1.7249786
   3.0893337
   5.6032076
   1.0354300
   3.0012276
   1.4953439
   4.2701913
   5.0254229
   9.4869660
   1.9506111
   3.6834946
   8.6485584
   1.6922746
   3.2051486
   9.9327252
   1.7249786
   3.0893337
   5.6032076
   1.0354300
   3.0012276
   1.4953439
   4.2701913
   5.0254229
   9.4869660
   1.9506111
   3.6834946
   8.6485584
   1.6922746
   3.2051486
   9.9327252
   1.7249786
   3.0893337
   5.6032076
   1.0354300
   3.0012276
   1.4953439
   4.2701913
   5.0254229
   9.4869660
   1.9506111
   3.6834946
   8.6485584
   1.6922746
   3.2051486
   9.9327252
   1.7249786
   3.0893337
   5.6032076
   1.0354300
   3.0012276
   1.4953439
   4.2701913
   5.0254229
   9.4869660
   1.9506111
   3.6834946
   8.6485584
   1.6922746
   3.2051486
   9.9327252
   1.7249786
   3.0893337
   5.6032076
